cruise	date	Depth	Oxygen 	Phosphate	Silicate	Nitrate	Ammonium	Nitrite 	Hydrogen Sulfide 	Methane 	Nitrous Oxide
SI047	10-07-17	185	0	6.289	82.823	0	8.963347486	0.17816092	19.24849109	1094.204007	3.327207537
SI021	08-05-14	40	190.4022823	2.024	46.188	24.196	NAN	NAN	0	32.48054408	13.31388998
SI023	08-07-15	40	201.0662585	1.508	25.336	14.481	3.80794455	NAN	0	42.16295547	12.09694772
SI026	08-10-15	97	8.997017856	3.884	82.789	23.256	0	NAN	0	0	20.43860952
SI032	09-04-08	40	226.3741457	2.1802	20.826	24.654	1.368976151	0.294736842	0	20.10192349	13.74779592
SI025	08-09-10	165	2.842698693	4.512	90.928	0	NAN	NAN	0	814.6614415	0
SI025	08-09-10	200	0	4.953	95.977	0	NAN	NAN	4.947128047	737.7903097	0
SI023	08-07-15	10	265.6771685	0.736	36.062	7.049	2.13905625	NAN	0	26.91563999	9.625755955
SI047	10-07-17	100	31.42440706	3.806	59.61	25.392	0	0.348659004	0	22.74924333	15.98981429
SI022	08-06-11	150	8.314991685	3.9185	57.429	8.111	NAN	NAN	0	7.568442057	19.16374026
SI029	09-01-14	185	3.63791213	4.5606	25.484	16.061	NAN	0.045106383	0	12.09849381	7.63900866
SI031	09-03-11	75	160.8132203	2.3243	29.101	28.429	0.225936145	0.139213716	NAN	0	13.79118154
SI025	08-09-10	110	23.80456517	2.9715	46.661	22.9655	NAN	NAN	0	0	20.86245281
SI036	09-08-01	120	17.74458287	3.5904	60.088	20.214	0	0	0	5.005664793	16.51191604
SI026	08-10-15	10	203.5326353	2.023	51.871	23.931	0	NAN	0	7.763199314	10.97926898
SI026	08-10-15	85	26.97244039	3.271	71.08	27.463	0	NAN	0	0	22.5215066
SI029	09-01-14	75	158.5805829	2.7577	26.508	29.622	NAN	0.015319149	0	0	15.26628844
SI028	08-12-10	97	18.9932223	NAN	NAN	NAN	NAN	0.047694754	0	0	18.91550389
SI025	08-09-10	120	20.08249566	3.2	62.963	21.073	NAN	NAN	0	0	18.74805387
SI031	09-03-11	120	22.04340779	3.223	42.2	13.465	0	0.091113238	NAN	0	12.92458524
SI031	09-03-11	100	121.1922444	2.6939	42.604	28.637	0	0.295559809	NAN	1.519861943	17.53394252
SI036	09-08-01	200	0	5.9169	78.57	0	7.216654033	0	12.73898973	843.6993959	1.706651137
SI038	09-10-01	165	3.158821988	3.9006	77.007	0	9.430668842	0.020525452	0	151.7697839	3.11152461
SI047	10-07-17	110	11.31817176	4.117	80.155	20.211	0	0.225095785	0	29.06638839	26.15817757
SI033	09-05-01	75	NAN	2.7676	21.181	27.64	0.157270629	0.287681159	0	19.73499935	16.71109824
SI029	09-01-14	10	180.111893	2.3595	25.973	29.053	NAN	0.11	0	0	13.76657101
SI028	08-12-10	75	106.1070727	NAN	NAN	NAN	NAN	0.093004769	0	10.71117137	15.36854108
SI047	10-07-17	90	68.50887122	3.241	61.896	27.662	0	0.173371648	0	36.90547583	8.036783429
SI038	09-10-01	100	13.15863401	3.7653	76.114	25.562	7.289066748	0.023809524	0	12.04060439	19.87513848
SI033	09-05-01	135	NAN	4.2449	38.494	18.456	0	0.04673913	0	0	13.32146274
SI047	10-07-17	120	3.457545235	4.536	85.953	7.31	0	1.820881226	0	24.42791692	12.4898457
SI047	10-07-17	97	42.79501809	3.728	68.97	26.309	0	0.215517241	0	24.68941563	16.66117716
SI025	08-09-10	10	307.7458167	0.542	13.195	3.975	NAN	NAN	0	4.947031752	12.90284586
SI022	08-06-11	165	3.246468873	4.337	73.129	0.83	0.15175	NAN	0	129.7263626	2.043033149
SI036	09-08-01	90	32.88485526	3.245	57.144	28.75	0	0	0	11.07632944	20.0781187
SI026	08-10-15	20	183.7868151	NAN	NAN	NAN	0	NAN	0	12.89040025	13.28571707
SI025	08-09-10	75	40.34765098	2.4445	23.879	28.24	NAN	NAN	0	0	23.68164504
SI032	09-04-08	110	68.93986902	3.2461	18.45	26.86	0	0.031578947	0	14.58922081	17.15653451
SI047	10-07-17	10	325.7749519	0.852	25.494	3.969	0	0.564176245	0	1527.7841	12.39779557
SI047	10-07-17	60	166.3279022	2.258	42.92	25.642	0	0.706896552	0	29.77599461	10.53730772
SI046	10-06-01	150	0	5.017	95.346	0	2.405347052	0	4.66106243	416.5467007	8.658831674
SI025	08-09-10	20	314.2429107	0.522	14.051	3.364	NAN	NAN	0	6.667357844	12.40986255
SI038	09-10-01	20	115.4846992	1.9316	43.768	18.311	6.538820351	0.431855501	0	42.0026539	12.51714711
SI025	08-09-10	90	25.22924102	3.0415	47.6255	24.7135	NAN	NAN	0	0	20.63415177
SI046	10-06-01	165	0	5.986	119.735	0	6.757223582	0	6.692047284	567.5195084	3.771379444
SI021	08-05-14	150	15.14499189	4.128	85.989	9.81	NAN	NAN	0	0	28.83499707
SI024	08-08-11	75	72.92898713	2.972	63.463	30.472	1.511147	0.1285	0	9.028050863	16.25535169
SI034	09-06-01	10	253.6701683	1.1	13.254	4.995	2.007832418	0.204176334	0	57.77343041	18.64720936
SI032	09-04-08	60	178.3056842	2.1307	15.487	30.059	0	0.021754386	0	1.148173952	15.54279729
SI038	09-10-01	85	13.89714049	3.9556	77.813	24.769	9.688519576	0.030377668	0	16.11984549	21.77517153
SI038	09-10-01	200	0	4.6189	87.474	0	11.09968053	0.027093596	6.026441357	270.6754349	4.831449904
SI026	08-10-15	150	14.46478721	4.051	87.821	15.068	0	NAN	0	0	19.78235832
SI024	08-08-11	135	23.33716789	3.977	78.63	17.869	1.04688	0.0625	0	7.895464085	15.58045114
SI036	09-08-01	165	0	5.1612	74.006	0	7.057081894	0	7.252703758	547.414891	5.445198164
SI022	08-06-11	10	275.402666	0.492	4.768	2.231	0.86559	NAN	0	49.58977194	10.86894478
SI028	08-12-10	40	132.8559831	NAN	NAN	NAN	NAN	0.131160572	0	18.03151424	16.07214341
SI036	09-08-01	60	105.1696682	2.4376	45.159	27.158	0	0.025568182	0	29.90382824	16.18313601
SI046	10-06-01	100	67.02391703	3.534	66.058	25.973	0	0.060344828	0	27.0509689	32.40337291
SI036	09-08-01	135	16.74879136	4.0568	61.359	15.943	0	0	0	9.607611359	13.40883362
SI035	09-07-01	135	3.026791127	4.2801	38.944	11.562	0	0.709699454	0	92.88675595	5.815084446
SI046	10-06-01	120	3.510378158	4.57	92.48	6.058	0	1.3151341	0	30.25844859	25.39408032
SI046	10-06-01	135	0	4.982	99.275	0.046	0.848831624	0.018678161	2.225266538	83.20859612	18.92823799
SI038	09-10-01	120	11.01886636	3.9105	72.196	20.615	3.252658544	0.027093596	0	11.4667703	18.13464722
SI023	08-07-15	135	19.84577738	3.675	79.792	16.328	0.42751266	NAN	0	7.283831932	17.00718631
SI038	09-10-01	97	16.50921437	3.7191	74.911	24.84	2.584288336	0.022988506	0	12.13652215	19.8552764
SI033	09-05-01	20	NAN	1.7754	15.358	12.885	4.005554229	0.265217391	0	42.67903364	12.21255218
SI038	09-10-01	150	4.946272942	3.7356	69.888	1.543	1.473139274	0.225779967	0	52.72074191	10.87614132
SI021	08-05-14	60	191.8701675	2.06	41.798	23.234	NAN	NAN	0	120.0072125	13.58772273
SI023	08-07-15	97	44.19529387	3.034	68.011	27.783	0.15025327	NAN	0	2.242923974	16.71270069
SI027	08-11-12	10	NAN	NAN	NAN	NAN	0	0	0	36.23604231	14.06064547
SI033	09-05-01	97	NAN	3.1218	30.463	28.686	0	0.113768116	0	0	9.386899148
SI047	10-07-17	135	0	4.647	94.381	0	0.282150494	0.192528736	2.225266538	209.7853919	10.93131293
SI028	08-12-10	60	129.9907377	NAN	NAN	NAN	NAN	0.046899841	0	11.25876248	15.28343214
SI036	09-08-01	185	0	5.5011	52.85	0	7.822962464	0	6.942271679	787.6101387	2.533462187
SI046	10-06-01	20	259.3209116	1.381	21.781	10.939	0.31422506	0.411877395	0	84.1220151	23.49132886
SI038	09-10-01	185	0	5.0886	103.204	0	10.08277257	0.016420361	3.770025485	246.7159109	3.855028858
SI046	10-06-01	110	13.21656406	4.159	78.237	19.779	0	0.030651341	0	69.07744301	25.67027081
SI036	09-08-01	150	3.625486685	4.3505	77.058	7.862	0.743527331	0	0	12.82412051	9.128064703
SI030	09-02-11	135	51.48183737	4.2086	23.486	10.226	NAN	0.672995781	0	28.37332547	1.225637495
SI033	09-05-01	165	NAN	5.06	53.447	0.165	0.667390785	0.025	0	467.4222755	0
SI046	10-06-01	185	0	5.526	110.67	0	7.469881509	0	19.24849109	1091.745645	11.1163527
SI035	09-07-01	150	0	4.8543	61.44	0	7.323228653	0	4.323873132	NAN	NAN
SI036	09-08-01	110	30.50702186	2.8622	39.781	18.747	0	0	0	8.974457637	18.1483037
SI031	09-03-11	85	147.5054202	2.7621	35.963	29.995	0	0.203909091	NAN	0	15.22678637
SI030	09-02-11	200	0	5.2657	41.917	0	NAN	0.297468354	5.972432241	542.9949728	0
SI022	08-06-11	20	211.8220428	1.024	13.193	8.3285	6.84334	NAN	0	57.19844911	12.21451485
SI036	09-08-01	10	166.2003423	1.562	24.1	9.42	3.712437182	0.306818182	0	49.08320166	13.33724442
SI046	10-06-01	10	324.8944869	0.836	16.102	5.143	0	0.327586207	0	928.4872278	3.697242671
SI023	08-07-15	60	142.4739211	2.117	42.116	25.381	0	NAN	0	29.47717375	12.51653323
SI035	09-07-01	10	275.7705247	0.4796	8.481	5.016	3.51507376	0	0	NAN	NAN
SI021	08-05-14	110	86.06668178	2.489	58.096	17.82	NAN	NAN	0	25.53134866	12.9141173
SI047	10-07-17	200	0	6.357	86.219	0	10.8665613	0.167624521	20.01885524	1251.9503	3.957327144
SI025	08-09-10	85	25.35693073	2.672	26.489	26.0605	NAN	NAN	0	0	24.16658738
SI036	09-08-01	97	36.79503733	3.3011	59.122	27.617	0	0	0	4.683572656	19.34896945
SI028	08-12-10	20	169.2196104	NAN	NAN	NAN	NAN	0.23926868	0	20.61689725	13.02276182
SI035	09-07-01	165	0	5.203	46.16	0	6.586249309	0	5.36113174	694.8017736	1.189626966
SI021	08-05-14	135	27.92638655	3.843	75.335	14.945	NAN	NAN	0	0	22.10514128
SI022	08-06-11	135	27.34940996	4.4955	74.4565	17.39	NAN	NAN	0	5.137864123	18.67893814
SI032	09-04-08	185	2.720942365	5.071	33.136	0	1.298261082	0	0	700.7889703	0
SI030	09-02-11	100	132.4281555	2.8369	27.142	28.124	NAN	0.130801688	0	129.772212	16.5593982
SI032	09-04-08	165	2.797275971	4.862	35.454	0	0.6385142	0	0	516.6644966	0
SI028	08-12-10	185	5.580033091	NAN	NAN	NAN	NAN	0.023052464	0	0	18.21002499
SI036	09-08-01	40	131.5086391	1.4894	28.77	17.594	0	0.029829545	0	46.84069031	15.08013207
SI033	09-05-01	185	NAN	5.5231	59.348	0	2.859164478	0.026086957	6.135761909	954.8398597	0
SI038	09-10-01	75	13.39170649	3.3176	65.774	25.202	3.061164356	0.027914614	0	23.33914023	25.45716389
SI024	08-08-11	20	195.0121999	1.583	42.846	16.614	1.909086	0.375	0	34.74826511	11.5042033
SI046	10-06-01	60	180.676983	2.366	25.8	19.214	3.480160329	0.896551724	0	56.05808783	25.75078189
SI026	08-10-15	120	2.891121232	4.532	103.918	1.699	1.244369875	NAN	0	189.3229862	0.423268408
SI046	10-06-01	40	195.8334591	1.469	12.711	8.572	2.334314728	0.891762452	0	73.23550964	22.38679866
SI047	10-07-17	85	87.04719034	2.926	55.749	27.905	0	0.022030651	0	18.51872638	12.31263511
SI046	10-06-01	90	94.16180036	2.866	53.195	27.795	0	0.039272031	0	22.06140288	19.05168391
SI038	09-10-01	10	139.9250684	1.4443	37.9	10.996	10.73812704	0.231527094	0	827.9499104	1.978451974
SI033	09-05-01	110	NAN	3.2637	25.177	26.658	0	0.242753623	0	0	17.62868432
SI032	09-04-08	100	121.0416208	2.3023	17.743	28.704	0	0.032280702	0	0.210259031	16.19355447
SI024	08-08-11	100	39.63252047	3.391	67.55	29.438	1.20504	0.1528	0	5.072338353	14.50726964
SI038	09-10-01	60	65.57513262	2.4266	46.922	23.644	2.61819773	0.033661741	0	36.34235701	16.30762748
SI047	10-07-17	165	0	5.692	83.609	0	6.930868483	0.157088123	6.692047284	519.5503458	3.287761177
SI038	09-10-01	135	6.462109337	3.1977	58.923	6.755	1.282623029	0.514778325	0	8.486437036	16.8992569
SI027	08-11-12	150	NAN	NAN	NAN	NAN	0	0	0	3.81392212	15.09192067
SI036	09-08-01	75	46.48030864	3.0162	62.555	30.524	0	0.027462121	0	15.53156966	18.62468121
SI034	09-06-01	150	2.825687522	3.8731	41.886	3.839	0	0.440061872	0	108.8469352	7.425296219
SI027	08-11-12	165	NAN	NAN	NAN	NAN	0.227806901	0	0	4.841784837	13.76871131
SI032	09-04-08	135	3.888043396	4.4528	22.414	14.558	0	0.001052632	0	0	10.56491917
SI025	08-09-10	100	22.31926099	3.2875	48.509	27.6755	NAN	NAN	0	0	23.65176124
SI032	09-04-08	120	31.00048133	4.1272	22.994	21.692	0	0.009824561	0	9.677805176	13.50599122
SI021	08-05-14	120	65.11108462	3.389	73.872	20.324	NAN	NAN	0	8.777580011	15.0372399
SI030	09-02-11	150	19.4712922	4.6442	27.276	11.458	NAN	0.582278481	0	33.642159	0
SI021	08-05-14	100	91.23664648	2.098	50.392	18.899	NAN	NAN	0	38.04680915	14.20585202
SI026	08-10-15	185	28.88540667	3.794	83.373	20.364	0	NAN	0	0	18.50953524
SI028	08-12-10	10	192.9328557	NAN	NAN	NAN	NAN	0.234499205	0	18.4950889	14.42548901
SI033	09-05-01	10	NAN	1.452	17.653	13.503	2.007832418	0.155072464	0	45.84623137	9.45754075
SI034	09-06-01	75	121.3388634	2.2231	36.525	21.184	0.157270629	0.220417633	0	27.04521408	17.12853805
SI030	09-02-11	85	127.7476526	2.5069	27.629	29.084	NAN	0.046413502	0	12.17777045	12.78504155
SI046	10-06-01	85	110.85245	2.775	49.842	27.651	0	0.010536398	0	25.4530697	15.78374704
SI025	08-09-10	150	3.099566491	4.0745	78.717	1.967	NAN	NAN	0	88.31014955	0
SI031	09-03-11	200	2.837326025	5.1513	47.075	0	1.012016442	0	NAN	633.7891313	0
SI047	10-07-17	40	216.1464916	1.774	28.939	14.34	2.10313943	0.690613027	0	9.429610434	6.744344658
SI035	09-07-01	110	18.43323173	2.8732	20.659	17.912	0	0	0	NAN	NAN
SI025	08-09-10	185	2.750666173	4.9375	97.169	0	NAN	NAN	0	797.8158141	0
SI034	09-06-01	90	82.19037871	2.9315	57.508	29.125	0	0.065506574	0	11.72027649	22.19532685
SI034	09-06-01	85	97.84796024	2.6015	46.595	24.26	0	0.159319412	0	14.62881039	15.62372861
SI025	08-09-10	135	9.263126464	3.8975	75.867	10.471	NAN	NAN	0	0	10.05976557
SI036	09-08-01	100	32.40375717	3.3869	69.34	28.293	0	0	0	4.830830534	19.46165615
SI033	09-05-01	60	NAN	2.4783	22.422	25.324	1.364828519	0.270289855	0	52.60067838	16.39084151
SI029	09-01-14	135	3.252180843	4.5562	28.367	8.172	NAN	0.015319149	0	0	2.87724528
SI046	10-06-01	75	146.1431239	2.656	49.779	27.842	0	0.135057471	0	71.59458805	28.45432017
SI035	09-07-01	85	72.08775565	2.5003	48.9	25.212	0	0.090163934	0	18.92320553	18.98638192
SI025	08-09-10	60	93.25792737	1.8965	22.726	20.7975	NAN	NAN	0	0	19.53735687
SI034	09-06-01	110	37.24172548	3.3396	28.019	28.687	0	0	0	7.053463778	22.83443832
SI034	09-06-01	20	210.1782063	1.7864	19.631	11.274	4.005554229	0.201856148	0	50.68015023	14.37905903
SI024	08-08-11	40	146.3237895	2.01	39.652	24.167	0.5469	0.2326	0	30.17557462	12.46259632
SI033	09-05-01	150	NAN	4.6926	51.942	10.841	0	0.048550725	0	0	6.642659946
SI022	08-06-11	120	51.30641537	4.1825	78.842	12.62	NAN	NAN	0	7.874145143	17.77434859
SI032	09-04-08	75	144.2052426	2.585	18.821	29.751	0	0.01754386	0	0	14.78163479
SI026	08-10-15	60	91.11473631	2.469	52.823	29.718	0	NAN	0	15.77941536	18.49439842
SI021	08-05-14	20	213.457857	NAN	NAN	NAN	NAN	NAN	0	21.86114363	10.93285117
SI034	09-06-01	165	2.743216191	5.3383	37.609	0	0.667390785	0.002320186	0	473.4005887	1.556354979
SI029	09-01-14	20	176.9116299	2.2484	27.103	29.368	NAN	0.046170213	0	0	11.30468033
SI024	08-08-11	200	0	5.198	109.953	0	5.801744	0.25	9.65667621	786.7817416	0.317157206
SI035	09-07-01	200	0	5.5451	61.954	0	8.458177222	0	10.30466593	NAN	NAN
SI024	08-08-11	97	39.69820034	3.265	67.038	29.748	0.43977	0.1563	0	11.74842077	16.59685911
SI027	08-11-12	90	NAN	NAN	NAN	NAN	3.443717956	0	0	8.784033026	17.73478508
SI028	08-12-10	100	13.75809873	NAN	NAN	NAN	NAN	0.089825119	0	0	22.44343223
SI032	09-04-08	85	139.6842883	2.6136	20.45	28.627	0	0.013333333	0	0	16.1600129
SI033	09-05-01	100	NAN	2.7874	24.301	25.413	0	0.341304348	0	0	14.914391
SI023	08-07-15	20	293.0508759	0.499	21.765	19.979	3.09346841	NAN	0	30.08634933	9.745528762
SI022	08-06-11	85	92.62159966	2.124	29.07	20.833	0.82674	NAN	0	14.94039404	12.74842667
SI034	09-06-01	120	17.70792258	3.5508	26.624	20.003	0	0.026295437	0	4.622657131	15.64769138
SI034	09-06-01	97	59.699577	3.3341	60.198	29.798	0	0.041763341	0	7.398973595	20.96875687
SI028	08-12-10	200	3.469107013	NAN	NAN	NAN	NAN	0.080286169	0	5.998267867	14.90447555
SI023	08-07-15	75	97.23736924	2.73	60.49	29.576	0.929954679	NAN	0	12.91463337	14.8853941
SI027	08-11-12	110	NAN	NAN	NAN	NAN	0.816838528	0	0	6.433989316	16.70711203
SI030	09-02-11	75	138.6200669	2.0801	24.499	28.344	NAN	0.047468354	0	15.39422309	15.18361545
SI023	08-07-15	90	64.69818113	3.142	64.555	29.527	NAN	NAN	0	5.219855163	16.00160176
SI032	09-04-08	97	134.9669593	2.5751	25.653	28.81	0	0.034736842	0	0	15.40269618
SI033	09-05-01	120	NAN	3.3836	52.309	24.132	0	0.055434783	0	0	13.7472175
SI034	09-06-01	185	0	5.5198	43.259	0	2.859164478	0	1.938689522	589.935591	1.107480448
SI047	10-07-17	75	137.412008	2.548	47.065	26.684	0	0.477011494	0	13.77054519	13.26202758
SI022	08-06-11	75	138.6340457	1.825	30.141	19.7275	3.75492	NAN	0	62.44133562	13.87666091
SI033	09-05-01	200	NAN	5.1612	55.784	0	4.27226864	0.042391304	9.789948021	1089.090487	0
SI032	09-04-08	20	245.5342976	2.0053	22.114	21.441	1.834635152	0.193684211	0	33.84252659	13.28309532
SI035	09-07-01	120	9.717951304	3.7928	37.594	21.351	0	0	0	NAN	NAN
SI024	08-08-11	60	111.6831541	2.48	50.626	30.548	0.699964	0.0208	0	13.8438609	14.03809342
SI021	08-05-14	200	0	4.58	50.976	0	NAN	NAN	4.574949433	1177.018904	0
SI022	08-06-11	97	72.83648428	3.118	50.053	25.9685	0.2343	NAN	0	12.95950526	9.673283314
SI031	09-03-11	40	190.4671775	2.2066	29.394	28.168	0	0.146855662	NAN	1.512478988	15.69049746
SI023	08-07-15	110	43.9578336	3.142	61.681	24.369	0.07027459	NAN	0	6.532080434	18.2177265
SI022	08-06-11	90	75.11956317	2.931	38.6675	26.353	0.34599	NAN	0	11.94050409	13.82826855
SI023	08-07-15	85	73.14301879	2.924	59.739	28.284	0.29421488	NAN	0	5.593164848	15.60766103
SI034	09-06-01	40	184.483115	1.8865	27.589	16.979	2.235297207	0.361948956	0	52.73206215	15.82515886
SI034	09-06-01	135	11.15859933	4.3802	34.351	19.226	0	0.009280742	0	5.402271465	12.41534554
SI022	08-06-11	185	0	4.9005	87.918	0	7.60574	NAN	3.857579396	921.1946224	0.906389935
SI026	08-10-15	110	5.932761889	4.308	95.87	7.029	0.36883522	NAN	0	24.82655973	9.746785923
SI035	09-07-01	20	211.7008183	0.9141	12.812	4.062	5.552777084	0.260928962	0	NAN	NAN
SI024	08-08-11	10	226.5391531	1.171	47.798	11.358	1.564527	1.2083	0	21.79527834	10.86269784
SI031	09-03-11	90	141.8033949	2.5971	37.56	30.109	0.190836571	0.162251994	NAN	0	18.17031235
SI031	09-03-11	150	2.970428497	4.0018	71.601	8.769	0	0.93673764	NAN	58.50380769	7.583580193
SI034	09-06-01	200	0	5.8388	39.543	0	4.27226864	0	3.935840389	637.649355	1.840959203
SI027	08-11-12	97	NAN	NAN	NAN	NAN	5.238176162	0	0	9.233779719	16.01353404
SI031	09-03-11	165	2.888409507	4.7542	75.919	5.786	0	0.977589314	NAN	203.9081786	2.705364561
SI030	09-02-11	97	135.3390176	2.5883	28.668	29.18	NAN	0.065400844	0	40.2572951	16.92537093
SI025	08-09-10	40	127.5379272	1.065	17.467	9.38	NAN	NAN	0	20.11885792	15.99715734
SI035	09-07-01	185	0	4.7861	36.942	0	8.304400645	0	7.315716931	807.6323965	1.107218596
SI032	09-04-08	10	251.3606973	1.3123	15.189	15.569	0.344407427	0.127017544	0	18.12820843	12.59310881
SI038	09-10-01	90	12.85672746	3.1086	62.041	20.579	3.278743543	0.022167488	0	11.84304987	20.65316155
SI024	08-08-11	185	0	4.997	107.655	0	5.76093	0.3785	6.008878861	591.4331227	0.416518119
SI030	09-02-11	90	108.8189137	2.3826	27.018	27.34	NAN	0.151898734	0	8.028671989	12.66761009
SI026	08-10-15	135	2.766372704	4.193	96.02	0.465	3.338091075	NAN	0	722.432523	0
SI028	08-12-10	90	49.78216967	NAN	NAN	NAN	NAN	0.06518283	0	0	19.89340212
SI035	09-07-01	75	106.3170072	2.1439	37.462	28.036	0.71362126	0.24795082	0	36.02035498	16.62715461
SI035	09-07-01	90	64.01800466	2.8479	46.489	28.004	0	0.048497268	0	15.84180728	18.91893597
SI021	08-05-14	75	128.8154134	2.707	60.32	28.063	NAN	NAN	0	36.30100135	14.47650969
SI038	09-10-01	40	110.568113	2.2715	44.564	24.374	2.754339995	0.151888342	0	39.54328569	15.2619583
SI034	09-06-01	60	147.8455724	1.8876	32.216	17.791	1.364828519	0.232791957	0	30.96779294	15.87165155
SI028	08-12-10	165	8.985260101	NAN	NAN	NAN	NAN	0.069952305	0	0	18.2743821
SI024	08-08-11	165	2.974857338	4.467	97.427	1.403	1.189735	0.2986	0	82.76999981	0.569767706
SI035	09-07-01	40	165.1099531	1.5664	27.266	13.06	5.057823747	0.571721311	0	54.000555	13.29306851
SI047	10-07-17	20	330.009222	0.55	13.249	0.568	0	0.277777778	0	16.19833825	9.504977206
SI022	08-06-11	200	0	5.0045	85.6145	0	7.86311	NAN	5.49817348	861.1634519	0.033950499
SI029	09-01-14	200	2.970291899	4.3989	32.25	14.611	NAN	0.303617021	0	31.88865642	0.138813176
SI024	08-08-11	110	32.69432527	3.489	70.629	28.922	1.2458	0.1424	0	4.279820762	17.63751134
SI026	08-10-15	165	24.23855688	3.826	85.27	19.544	0	NAN	0	0	16.31361082
SI031	09-03-11	110	55.02741776	3.1383	44.405	25.751	0.059260093	0.0536874	NAN	0	12.03707804
SI021	08-05-14	165	5.586784277	4.127	82.016	3.472	NAN	NAN	0	0	18.6105534
SI031	09-03-11	60	179.821646	2.178	35.299	30.357	0.122889802	0.084549442	NAN	3.00596046	18.02688402
SI035	09-07-01	60	125.5267272	2.2253	39.628	24.438	0.767335014	0.256147541	0	42.68791494	16.75053697
SI024	08-08-11	90	59.46205484	3.139	66.526	30.058	0.67955	0.0764	0	6.715273603	15.82147441
SI026	08-10-15	100	6.605379312	3.935	82.598	21.495	0	NAN	0	0	16.6102036
SI021	08-05-14	97	92.80512622	3	66.655	24.94	NAN	NAN	0	35.13948408	15.10420078
SI028	08-12-10	85	82.8128192	NAN	NAN	NAN	NAN	0.088235294	0	4.660861686	17.28287264
SI031	09-03-11	185	2.869620038	4.9522	38.872	0.2	1.344054658	0.120173046	NAN	423.7910528	0
SI035	09-07-01	97	41.17162693	2.7346	30.509	33.413	0	0	0	7.439265647	20.49505358
SI032	09-04-08	150	2.921595113	4.4066	28.273	7.48	0	0.686315789	0	124.1962993	6.188506652
SI030	09-02-11	165	13.60249397	4.6464	24.049	9.944	NAN	0.665611814	0	41.60248468	0
SI030	09-02-11	120	91.28041592	3.6751	24.857	14.743	NAN	0.040084388	0	0	13.76796345
SI026	08-10-15	90	11.06556516	3.65	79.16	25.093	0	NAN	0	0	20.17636541
SI028	08-12-10	110	6.745495644	NAN	NAN	NAN	NAN	0.050079491	0	0	18.4387903
SI032	09-04-08	90	142.2057408	2.3606	28.266	29.178	0	0.006315789	0	0	14.97563443
SI024	08-08-11	150	8.292834684	4.367	90.252	10.881	0.705066	0.1424	0	5.935587222	10.29864136
SI030	09-02-11	60	144.9178535	2.1868	25.511	23.15	NAN	0.03164557	0	8.835526686	15.49232071
SI024	08-08-11	120	20.90537768	3.699	75.005	25.114	1.37333	0.1146	0	5.917250166	17.17806908
SI021	08-05-14	85	98.93908283	2.834	63.459	25.448	NAN	NAN	0	48.97943119	15.91881816
SI022	08-06-11	40	180.9502739	1.9035	28.756	18.2715	10.65532	NAN	0	50.4061454	11.3216591
SI030	09-02-11	110	120.847865	4.1569	27.058	21.706	NAN	0.030590717	0	0	13.17496958
SI021	08-05-14	10	244.86203	1.091	7.411	10.899	NAN	NAN	0	44.41956666	10.56056706
SI028	08-12-10	135	2.833985999	NAN	NAN	NAN	NAN	0.06836248	0	9.280843806	5.419761388
SI023	08-07-15	200	0	5.082	101.809	0	4.54374883	NAN	7.538064949	810.1589473	-0.035442205
SI023	08-07-15	150	3.732195216	3.608	91.201	1.79	2.77355372	NAN	0	159.3167322	2.072651595
SI035	09-07-01	100	31.22268097	2.5685	19.482	18.547	0	0.047131148	0	3.264403554	16.31501564
SI031	09-03-11	135	4.009229926	3.685	79.243	12.578	0	0.098834928	NAN	0	7.150944477
SI031	09-03-11	97	115.2152785	2.8556	58.638	29.465	0.049124388	0.045692185	NAN	0	17.28853857
SI027	08-11-12	20	NAN	NAN	NAN	NAN	0	0	0	35.15962182	14.28415005
SI026	08-10-15	75	69.8278447	2.953	64.689	29.83	0.430276248	NAN	0	13.49596618	21.4408524
SI023	08-07-15	185	0	4.557	99.466	0	4.49576113	NAN	8.41149313	694.3231591	0
SI024	08-08-11	85	67.48423451	3.032	65.174	30.113	0.6336	0.2292	0	8.293575739	15.72679939
SI029	09-01-14	165	3.924014613	4.4517	29.846	15.469	NAN	0.047234043	0	0	13.48910885
SI031	09-03-11	20	191.0925454	2.3441	32.502	27.686	1.289059069	0.298313397	NAN	13.22296461	12.68982804
SI030	09-02-11	185	6.464395636	4.9291	38.654	5.033	NAN	0.853375527	0	317.5914142	0
SI028	08-12-10	150	4.27292643	NAN	NAN	NAN	NAN	0.044515103	0	5.236614993	13.61595794
SI027	08-11-12	100	NAN	NAN	NAN	NAN	0	0	0	9.35531103	17.50361374
SI028	08-12-10	120	5.430513328	NAN	NAN	NAN	NAN	0.027027027	0	0	14.02981609
SI021	08-05-14	90	110.7954375	2.817	60.802	25.682	NAN	NAN	0	80.86513109	12.83163831
SI031	09-03-11	10	223.7064072	1.9052	22.379	20.116	0.815120972	0.168070574	NAN	7.971269111	14.67449411
SI038	09-10-01	110	11.65870483	3.7752	68.567	20.913	5.484069127	0.02545156	0	11.96340991	18.6129321
SI029	09-01-14	120	6.150061546	4.4077	26.065	9.67	NAN	0.014255319	0	0	5.402478128
SI027	08-11-12	85	NAN	NAN	NAN	NAN	0	0	0	19.2273003	16.29480036
SI033	09-05-01	40	NAN	2.3936	17.938	24.418	2.235297207	0.245652174	0	62.52297073	11.80688061
SI030	09-02-11	10	179.8889351	2.4937	23.54	29.764	NAN	0.129746835	0	3.994592232	12.0526704
SI036	09-08-01	85	35.26759692	3.3649	61.479	31.499	0	0	0	11.39511242	20.80417458
SI027	08-11-12	40	NAN	NAN	NAN	NAN	0	0	0	35.76750318	15.49669393
SI023	08-07-15	165	0	3.807	96.609	0.043	2.95483871	NAN	4.025364658	460.8637529	0
SI029	09-01-14	110	34.09179281	3.619	23.208	23.205	NAN	0.021702128	0	0	14.06521358
SI029	09-01-14	100	83.14049672	3.5772	25.324	23.506	NAN	0.017446809	0	0	13.76835304
SI029	09-01-14	97	94.17799484	1.5708	21.999	7.6	NAN	0.013191489	0	0	16.0765775
SI027	08-11-12	200	NAN	NAN	NAN	NAN	0	0	0	4.084376609	20.17628588
SI030	09-02-11	20	179.8730024	2.5377	27.043	29.859	NAN	0.062236287	0	5.97333608	11.36375799
SI027	08-11-12	135	NAN	NAN	NAN	NAN	0.26957198	0	0	4.583079191	10.3054753
SI029	09-01-14	150	3.055883672	4.6816	28.794	8.261	NAN	0.417446809	0	19.75072652	2.302018642
SI029	09-01-14	85	145.7945085	1.9756	21.565	15.151	NAN	0.068510638	0	0	13.52708471
SI029	09-01-14	40	159.6720156	2.4673	35.098	33.608	NAN	0.047234043	0	0	12.55222168
SI027	08-11-12	60	NAN	NAN	NAN	NAN	2.519125526	0	0	12.24546595	7.566671311
SI046	10-06-01	200	0	6.494	129.06	0	8.656098594	0	20.01885524	1428.230795	11.87889506
SI027	08-11-12	120	NAN	NAN	NAN	NAN	0	0	0	6.995409836	11.47961589
SI023	08-07-15	100	42.84652764	2.742	56.135	24.372	NAN	NAN	0	9.319987025	16.28769038
SI030	09-02-11	40	155.431498	1.8755	19.29	19.155	NAN	0.055907173	0	19.96257254	13.80705354
SI027	08-11-12	75	NAN	NAN	NAN	NAN	0.583530157	0	0	19.90408946	16.05974346
SI029	09-01-14	60	185.1752299	2.5894	28.433	30.155	NAN	0.027021277	0	0	12.20015886
SI033	09-05-01	90	NAN	3.113	27.169	28.645	0	0.186956522	0	3.231158196	17.285095